1110
1100
0101
0101
0101
0101
0101
0100
0101
0101
0101
0101
0101
0101
0101
0110
1010
1000
0101
0101
0101
0101
0101
0000
0101
0101
0101
0110
1101
0100
0110
1010
1001
0010
1100
0110
1100
0110
1110
1000
0101
0101
0100
0011
1100
0011
1010
1010
1110
1010
1010
1010
1010
1010
1010
1010
1101
0100
0011
1100
0011
1100
0010
1010
1000
0010
1010
1010
1010
1010
1010
1001
0100
0011
1100
0011
1100
0011
1010
1010
1010
1000
0010
1010
1010
1010
1001
0110
1010
1100
0011
1100
0000
0101
0010
1010
1010
1010
1010
1010
1010
1001
0110
1001
0001
0011
1100
0011
1010
1110
1010
1010
1010
1010
1010
1010
1001
0110
1001
0100
0110
1100
0001
0111
1001
0001
0010
1010
1010
1001
0011
1010
1100
0001
0111
1001
0011
1011
1100
0101
0101
0110
1010
1010
1001
0101
0111
1010
1001
0110
1110
1100
0101
0101
0011
1100
0101
0011
1011
1010
1100
0101
0101
0011
1110
1010
1010
1001
0111
1100
0110
1001
0101
0101
0110
1010
1010
1100
0101
0110
1010
1010
1001
0101
0100
0010
1010
1101
0100
0101
0011
1010
1010
1001
0110
1010
1010
1001
0101
0101
0011
1001
0001
0110
1001
0101
0110
1010
1010
1100
0011
1010
1000
0101
0100
0101
0101
0111
1100
0001
0101
0101
0011
1010
1010
1001
0110
1010
1001
0110
1000
0101
0101
0101
0001
0101
0101
0101
0101
0010
1001
0101
0011
1001
0101
0011
1001
0101
0101
0101
0101
0101
0101
0101
0101
0011